9999999 64 9999999 9999999 60 91 9999999 9999999 12 9999999 14 4 9999999 9999999 45 100 9999999 53 36 69 9999999 9999999 58 9999999 9999999 12 9999999 5 9999999 97 9999999 67 2 24 9999999 47 9999999 46 89 9999999 40 61 9999999 33 36 41 86 97 9999999 9999999 9999999 9999999 9999999 37 100 9999999 9999999 59 92 9999999 45 56 47 9999999
64 9999999 9999999 9999999 9999999 9999999 9999999 36 9999999 9999999 9999999 9999999 9 9999999 9999999 9999999 9999999 77 9999999 9999999 9999999 63 9999999 9999999 95 9999999 9999999 29 9999999 71 9999999 41 9999999 9999999 9999999 9999999 9999999 8 9999999 31 9999999 53 9999999 9999999 86 9999999 47 9999999 9999999 9999999 89 9999999 9999999 9999999 76 90 78 70 9999999 75 48 48 92 20
9999999 9999999 9999999 73 9999999 9999999 9999999 9999999 9999999 43 9999999 9999999 18 54 33 9999999 24 90 70 9999999 9999999 57 9999999 9999999 41 9999999 9999999 9999999 2 30 2 9999999 89 9999999 9999999 9999999 96 9999999 9999999 57 9999999 72 9999999 77 9999999 57 9999999 71 96 9999999 9999999 9999999 35 9999999 9999999 9999999 32 9999999 9999999 15 55 9999999 53 3
9999999 9999999 73 9999999 9999999 9999999 9999999 9999999 40 65 9999999 9999999 9999999 75 9999999 13 9 7 9999999 44 9999999 17 9999999 9999999 3 9999999 9999999 9999999 66 9999999 9999999 67 9999999 61 9999999 84 62 9999999 8 9999999 9999999 68 9999999 9999999 48 40 9999999 4 9999999 11 9999999 9999999 9999999 45 9999999 9999999 9999999 9999999 9999999 9999999 9999999 9999999 9999999 9999999
60 9999999 9999999 9999999 9999999 9999999 9999999 9999999 9999999 31 9999999 9999999 9999999 9999999 9999999 9999999 9999999 1 9999999 62 9999999 9999999 9999999 9999999 41 22 15 79 9999999 9999999 9999999 69 3 9999999 55 74 9999999 9999999 22 75 3 28 9999999 46 25 68 38 89 9999999 7 9999999 79 9999999 9999999 80 6 9999999 9999999 9999999 33 9999999 9999999 9999999 9999999
91 9999999 9999999 9999999 9999999 9999999 9999999 9999999 9999999 9999999 37 9999999 9999999 9999999 9999999 9999999 9999999 70 75 9999999 89 89 99 61 77 27 65 23 9999999 9999999 9999999 9999999 9999999 9999999 26 9999999 9999999 28 9999999 45 9999999 9999999 38 62 9999999 63 13 52 23 9999999 9999999 96 9999999 9999999 9999999 75 9999999 9999999 9999999 9999999 9999999 9999999 9999999 22
9999999 9999999 9999999 9999999 9999999 9999999 9999999 9999999 9999999 48 9999999 29 59 9999999 33 9999999 29 9999999 9999999 64 58 9999999 40 31 100 32 9999999 9999999 9999999 9999999 48 92 60 9999999 12 29 52 2 9999999 9999999 91 50 29 9999999 68 9999999 9999999 9999999 69 9999999 9999999 9999999 9999999 98 9999999 63 9999999 41 9999999 9999999 9999999 9999999 10 9999999
9999999 36 9999999 9999999 9999999 9999999 9999999 9999999 71 9999999 9999999 9999999 12 9999999 69 9999999 9999999 9999999 9999999 22 9999999 63 91 98 9999999 8 9999999 9999999 9999999 9999999 40 88 9999999 41 70 9999999 95 9999999 25 85 94 56 9999999 51 52 93 9999999 1 8 96 62 42 3 75 9999999 60 29 16 9999999 9999999 5 9999999 9999999 19
12 9999999 9999999 40 9999999 9999999 9999999 71 9999999 66 20 9999999 9999999 9999999 52 9999999 9999999 43 9999999 9999999 9999999 9999999 9999999 9999999 9999999 9999999 9999999 43 9999999 9999999 9999999 9999999 9999999 9999999 9999999 48 9999999 9999999 9999999 9999999 60 64 50 9999999 9999999 24 90 16 9999999 9999999 32 83 9999999 9999999 17 9999999 9999999 9999999 9999999 70 9999999 58 49 85
9999999 9999999 43 65 31 9999999 48 9999999 66 9999999 76 9999999 27 94 9999999 9999999 9999999 32 54 39 9999999 71 9999999 21 9999999 42 9999999 9999999 9999999 46 9999999 9999999 9999999 55 45 88 9999999 9999999 9999999 50 60 38 73 9999999 89 9999999 9999999 9999999 9999999 9999999 9999999 63 87 74 10 4 20 51 9999999 84 9999999 9999999 68 9999999
14 9999999 9999999 9999999 9999999 37 9999999 9999999 20 76 9999999 88 9999999 9999999 39 2 9999999 9999999 9999999 9999999 9999999 9999999 66 9999999 9999999 9999999 36 11 9999999 9999999 9999999 84 80 9999999 5 9999999 9999999 9999999 21 34 9999999 9999999 9999999 5 1 9999999 9999999 9999999 92 71 57 53 48 54 7 9999999 22 71 9999999 9999999 9999999 9999999 32 9999999
4 9999999 9999999 9999999 9999999 9999999 29 9999999 9999999 9999999 88 9999999 56 36 9999999 9999999 79 75 9999999 34 9999999 9999999 52 9999999 26 9999999 13 9999999 52 9999999 41 72 4 50 9999999 9999999 9999999 9999999 4 9999999 72 9999999 45 9999999 86 9999999 74 9999999 9999999 9999999 16 9999999 9999999 9999999 9999999 97 49 9999999 8 9999999 9999999 9999999 90 79
9999999 9 18 9999999 9999999 9999999 59 12 9999999 27 9999999 56 9999999 77 9999999 43 7 98 23 9999999 9999999 79 26 32 36 9999999 9999999 11 9999999 16 9999999 9999999 9999999 9999999 9999999 9999999 17 78 62 92 9999999 80 88 9999999 9999999 9999999 9999999 73 15 9999999 70 9999999 59 9999999 95 9999999 65 9999999 9999999 9999999 9999999 9999999 45 9999999
9999999 9999999 54 75 9999999 9999999 9999999 9999999 9999999 94 9999999 36 77 9999999 39 85 31 9999999 9999999 10 9999999 9999999 9999999 70 53 9999999 23 9999999 62 11 9999999 9999999 97 72 63 9999999 9999999 9999999 63 1 71 19 14 9999999 9999999 8 9999999 48 9999999 63 31 17 9999999 46 9999999 9999999 9999999 100 3 9999999 9999999 9999999 9999999 15
45 9999999 33 9999999 9999999 9999999 33 69 52 9999999 39 9999999 9999999 39 9999999 9999999 9999999 20 9999999 9999999 9999999 15 9999999 69 9999999 99 33 9999999 46 32 67 54 51 74 92 9999999 9999999 5 74 76 74 9999999 36 9999999 29 9999999 9999999 9999999 53 42 25 67 26 31 75 42 6 9999999 9999999 9999999 9999999 9999999 9999999 9999999
100 9999999 9999999 13 9999999 9999999 9999999 9999999 9999999 9999999 2 9999999 43 85 9999999 9999999 82 80 9999999 30 9999999 9999999 86 9999999 9999999 67 57 74 89 91 9999999 9999999 13 9999999 9999999 99 9999999 9999999 9999999 9999999 9999999 9999999 9999999 98 18 9999999 9999999 9999999 9999999 9999999 14 59 9999999 21 9999999 45 9999999 9999999 62 9999999 55 9999999 87 16
9999999 9999999 24 9 9999999 9999999 29 9999999 9999999 9999999 9999999 79 7 31 9999999 82 9999999 14 25 9999999 9999999 96 9999999 9999999 86 9999999 25 70 66 9999999 9999999 9999999 9 9999999 9999999 9999999 9999999 9999999 82 42 9999999 40 9999999 31 9999999 9999999 9999999 9999999 51 44 9999999 93 9999999 9999999 9999999 17 9999999 9999999 66 9999999 5 93 77 9999999
53 77 90 7 1 70 9999999 9999999 43 32 9999999 75 98 9999999 20 80 14 9999999 55 55 9999999 9999999 9999999 51 9999999 23 9999999 9999999 38 26 53 44 39 9999999 79 6 5 86 94 23 9999999 61 9999999 9999999 9999999 9999999 9999999 9999999 34 39 9999999 77 36 66 9999999 44 57 9999999 9999999 67 9999999 9999999 9999999 9999999
36 9999999 70 9999999 9999999 75 9999999 9999999 9999999 54 9999999 9999999 23 9999999 9999999 9999999 25 55 9999999 9999999 41 9999999 9999999 9999999 9999999 80 94 9999999 78 9999999 9999999 92 7 9999999 86 9999999 9999999 9999999 9999999 9999999 9999999 9999999 84 6 97 44 9999999 96 45 28 5 9999999 9999999 9999999 30 20 46 9999999 26 50 9999999 66 85 81
69 9999999 9999999 44 62 9999999 64 22 9999999 39 9999999 34 9999999 10 9999999 30 9999999 55 9999999 9999999 9999999 9999999 17 9999999 9999999 4 9999999 9999999 68 70 68 58 9999999 18 9999999 9999999 9999999 9999999 9999999 80 9999999 79 51 70 9999999 9999999 93 9999999 9999999 90 39 9999999 26 9999999 9999999 9999999 9999999 9999999 52 9999999 44 9999999 79 9999999
9999999 9999999 9999999 9999999 9999999 89 58 9999999 9999999 9999999 9999999 9999999 9999999 9999999 9999999 9999999 9999999 9999999 41 9999999 9999999 43 40 80 55 90 9999999 9999999 9999999 9999999 7 9999999 9999999 91 9999999 9999999 13 43 9999999 17 9999999 60 9999999 9999999 95 91 9999999 71 9999999 86 9999999 3 9999999 84 9999999 9999999 9999999 9999999 9999999 9999999 86 9999999 44 9999999
9999999 63 57 17 9999999 89 9999999 63 9999999 71 9999999 9999999 79 9999999 15 9999999 96 9999999 9999999 9999999 43 9999999 9999999 9999999 9999999 83 9999999 9999999 9999999 9999999 9999999 9999999 95 9999999 9999999 9999999 9999999 26 9999999 35 60 23 44 9999999 93 96 26 15 49 31 42 85 9999999 9999999 9999999 9999999 17 9999999 9999999 9999999 83 82 64 72
58 9999999 9999999 9999999 9999999 99 40 91 9999999 9999999 66 52 26 9999999 9999999 86 9999999 9999999 9999999 17 40 9999999 9999999 75 9999999 81 9999999 9999999 9999999 11 9999999 9999999 2 76 9999999 73 9999999 9999999 9999999 52 10 9999999 4 9999999 9999999 36 43 9999999 16 9999999 37 9999999 9999999 81 67 9999999 9 9999999 74 9999999 59 9999999 9999999 9999999
9999999 9999999 9999999 9999999 9999999 61 31 98 9999999 21 9999999 9999999 32 70 69 9999999 9999999 51 9999999 9999999 80 9999999 75 9999999 9999999 9999999 94 9999999 9999999 10 75 34 25 9999999 9999999 18 15 9999999 9999999 9999999 31 55 9999999 9999999 9999999 9999999 9999999 9999999 9999999 9999999 9999999 9999999 9999999 94 9999999 9999999 20 81 9999999 9999999 9999999 9999999 26 6
9999999 95 41 3 41 77 100 9999999 9999999 9999999 9999999 26 36 53 9999999 9999999 86 9999999 9999999 9999999 55 9999999 9999999 9999999 9999999 87 62 9999999 76 9999999 9999999 57 9999999 53 9999999 9999999 9999999 99 9999999 60 65 9999999 9999999 52 9999999 37 25 9999999 72 60 59 9999999 87 9999999 9999999 9999999 51 48 29 9999999 92 83 9999999 99
12 9999999 9999999 9999999 22 27 32 8 9999999 42 9999999 9999999 9999999 9999999 99 67 9999999 23 80 4 90 83 81 9999999 87 9999999 5 76 9999999 9999999 91 9999999 49 79 1 73 13 9999999 21 21 9999999 80 9999999 46 94 32 37 9999999 87 64 50 9999999 42 58 9999999 45 9999999 9999999 9999999 9999999 49 49 71 40
9999999 9999999 9999999 9999999 15 65 9999999 9999999 9999999 9999999 36 13 9999999 23 33 57 25 9999999 94 9999999 9999999 9999999 9999999 94 62 5 9999999 49 85 9999999 6 9999999 9999999 69 9999999 9999999 9999999 9 49 94 75 9999999 9999999 12 9999999 97 9999999 92 39 9999999 9999999 9999999 9999999 41 9999999 9999999 9999999 16 97 9999999 15 9999999 9999999 77
5 29 9999999 9999999 79 23 9999999 9999999 43 9999999 11 9999999 11 9999999 9999999 74 70 9999999 9999999 9999999 9999999 9999999 9999999 9999999 9999999 76 49 9999999 9999999 9999999 33 9999999 38 7 9999999 7 9999999 9999999 68 9999999 9999999 9999999 9999999 9999999 9999999 56 9999999 9999999 11 13 9999999 99 9999999 9999999 59 53 12 17 33 9999999 9999999 9999999 9999999 41
9999999 9999999 2 66 9999999 9999999 9999999 9999999 9999999 9999999 9999999 52 9999999 62 46 89 66 38 78 68 9999999 9999999 9999999 9999999 76 9999999 85 9999999 9999999 9999999 9999999 60 9999999 9999999 9999999 88 9999999 9999999 9999999 9999999 28 38 76 77 58 9999999 59 26 98 9999999 9999999 9999999 74 9999999 25 9999999 9999999 9999999 9999999 9999999 78 9999999 35 7
97 71 30 9999999 9999999 9999999 9999999 9999999 9999999 46 9999999 9999999 16 11 32 91 9999999 26 9999999 70 9999999 9999999 11 10 9999999 9999999 9999999 9999999 9999999 9999999 9999999 9999999 77 96 6 9999999 92 9999999 9999999 9999999 6 9999999 29 9999999 9999999 9999999 1 9999999 92 9999999 10 9999999 9999999 9999999 9999999 9999999 61 9999999 41 14 82 9999999 9999999 21
9999999 9999999 2 9999999 9999999 9999999 48 40 9999999 9999999 9999999 41 9999999 9999999 67 9999999 9999999 53 9999999 68 7 9999999 9999999 75 9999999 91 6 33 9999999 9999999 9999999 26 9999999 9999999 9999999 9999999 6 9999999 26 9999999 10 9999999 30 27 9999999 28 44 9999999 9999999 34 74 6 13 99 36 64 54 9999999 62 9999999 9999999 88 22 9999999
67 41 9999999 67 69 9999999 92 88 9999999 9999999 84 72 9999999 9999999 54 9999999 9999999 44 92 58 9999999 9999999 9999999 34 57 9999999 9999999 9999999 60 9999999 26 9999999 9999999 9999999 9999999 96 9999999 9999999 9999999 9999999 9999999 86 64 75 9999999 57 9999999 3 9999999 9999999 9999999 9999999 9999999 9999999 27 9999999 92 97 9999999 9999999 9999999 9999999 52 9999999
2 9999999 89 9999999 3 9999999 60 9999999 9999999 9999999 80 4 9999999 97 51 13 9 39 7 9999999 9999999 95 2 25 9999999 49 9999999 38 9999999 77 9999999 9999999 9999999 9999999 74 9999999 9999999 38 58 23 94 9999999 9999999 9999999 95 9999999 9 18 65 9999999 69 29 8 93 9999999 81 39 32 9999999 9999999 33 9999999 61 9999999
24 9999999 9999999 61 9999999 9999999 9999999 41 9999999 55 9999999 50 9999999 72 74 9999999 9999999 9999999 9999999 18 91 9999999 76 9999999 53 79 69 7 9999999 96 9999999 9999999 9999999 9999999 39 30 14 90 51 100 9999999 9999999 74 9999999 91 9999999 72 95 9999999 100 9999999 4 81 29 9999999 86 9999999 35 65 28 9999999 99 9999999 9999999
9999999 9999999 9999999 9999999 55 26 12 70 9999999 45 5 9999999 9999999 63 92 9999999 9999999 79 86 9999999 9999999 9999999 9999999 9999999 9999999 1 9999999 9999999 9999999 6 9999999 9999999 74 39 9999999 9999999 32 9999999 9999999 9999999 9999999 9999999 9999999 3 67 9999999 9999999 85 1 81 9999999 9999999 9999999 7 53 9 9999999 9999999 57 70 96 4 9999999 9999999
47 9999999 9999999 84 74 9999999 29 9999999 48 88 9999999 9999999 9999999 9999999 9999999 99 9999999 6 9999999 9999999 9999999 9999999 73 18 9999999 73 9999999 7 88 9999999 9999999 96 9999999 30 9999999 9999999 9999999 81 49 79 30 65 9999999 9999999 87 9999999 29 68 38 9999999 17 90 9999999 9999999 23 37 9999999 48 9999999 9999999 73 9999999 22 49
9999999 9999999 96 62 9999999 9999999 52 95 9999999 9999999 9999999 9999999 17 9999999 9999999 9999999 9999999 5 9999999 9999999 13 9999999 9999999 15 9999999 13 9999999 9999999 9999999 92 6 9999999 9999999 14 32 9999999 9999999 31 9999999 75 9999999 9999999 9999999 9999999 53 9999999 9999999 30 86 36 9999999 47 9999999 12 9999999 9999999 87 9 9999999 54 79 76 58 72
46 8 9999999 9999999 9999999 28 2 9999999 9999999 9999999 9999999 9999999 78 9999999 5 9999999 9999999 86 9999999 9999999 43 26 9999999 9999999 99 9999999 9 9999999 9999999 9999999 9999999 9999999 38 90 9999999 81 31 9999999 51 45 9999999 22 9999999 48 35 9999999 9999999 30 90 9999999 9999999 9999999 9999999 9999999 40 9999999 9999999 9999999 9999999 23 9999999 74 35 9999999
89 9999999 9999999 8 22 9999999 9999999 25 9999999 9999999 21 4 62 63 74 9999999 82 94 9999999 9999999 9999999 9999999 9999999 9999999 9999999 21 49 68 9999999 9999999 26 9999999 58 51 9999999 49 9999999 51 9999999 76 21 9999999 35 52 66 38 57 9999999 5 9999999 81 79 9999999 9999999 9999999 31 81 30 9999999 9999999 9999999 71 9999999 82
9999999 31 57 9999999 75 45 9999999 85 9999999 50 34 9999999 92 1 76 9999999 42 23 9999999 80 17 35 52 9999999 60 21 94 9999999 9999999 9999999 9999999 9999999 23 100 9999999 79 75 45 76 9999999 9999999 84 9999999 9999999 9999999 20 6 9999999 9999999 9999999 82 9999999 98 9999999 64 55 76 90 49 9999999 81 66 26 9999999
40 9999999 9999999 9999999 3 9999999 91 94 60 60 9999999 72 9999999 71 74 9999999 9999999 9999999 9999999 9999999 9999999 60 10 31 65 9999999 75 9999999 28 6 10 9999999 94 9999999 9999999 30 9999999 9999999 21 9999999 9999999 9999999 9999999 34 9999999 2 40 9999999 28 44 9999999 65 42 9999999 9999999 9999999 98 9999999 9999999 9999999 21 9999999 13 9999999
61 53 72 68 28 9999999 50 56 64 38 9999999 9999999 80 19 9999999 9999999 40 61 9999999 79 60 23 9999999 55 9999999 80 9999999 9999999 38 9999999 9999999 86 9999999 9999999 9999999 65 9999999 22 9999999 84 9999999 9999999 9999999 55 9999999 40 97 9999999 9999999 18 85 9999999 5 94 9999999 9999999 70 9999999 9999999 9999999 9999999 24 9999999 42
9999999 9999999 9999999 9999999 9999999 38 29 9999999 50 73 9999999 45 88 14 36 9999999 9999999 9999999 84 51 9999999 44 4 9999999 9999999 9999999 9999999 9999999 76 29 30 64 9999999 74 9999999 9999999 9999999 9999999 35 9999999 9999999 9999999 9999999 77 38 6 9999999 30 9999999 9999999 9999999 61 9999999 9999999 9999999 70 9999999 9999999 9999999 53 9999999 40 60 72
33 9999999 77 9999999 46 62 9999999 51 9999999 9999999 5 9999999 9999999 9999999 9999999 98 31 9999999 6 70 9999999 9999999 9999999 9999999 52 46 12 9999999 77 9999999 27 75 9999999 9999999 3 9999999 9999999 48 52 9999999 34 55 77 9999999 9999999 64 9999999 9999999 9999999 84 12 9 9999999 9999999 13 9999999 9999999 9999999 9999999 9999999 9999999 9999999 57 1
36 86 9999999 48 25 9999999 68 52 9999999 89 1 86 9999999 9999999 29 18 9999999 9999999 97 9999999 95 93 9999999 9999999 9999999 94 9999999 9999999 58 9999999 9999999 9999999 95 91 67 87 53 35 66 9999999 9999999 9999999 38 9999999 9999999 52 9999999 85 99 19 41 8 65 9999999 91 9999999 9999999 9999999 9 22 9999999 9999999 9999999 92
41 9999999 57 40 68 63 9999999 93 24 9999999 9999999 9999999 9999999 8 9999999 9999999 9999999 9999999 44 9999999 91 96 36 9999999 37 32 97 56 9999999 9999999 28 57 9999999 9999999 9999999 9999999 9999999 9999999 38 20 2 40 6 64 52 9999999 9999999 7 9999999 71 9999999 9999999 9999999 9999999 9999999 76 9999999 26 31 28 67 55 1 9999999
86 47 9999999 9999999 38 13 9999999 9999999 90 9999999 9999999 74 9999999 9999999 9999999 9999999 9999999 9999999 9999999 93 9999999 26 43 9999999 25 37 9999999 9999999 59 1 44 9999999 9 72 9999999 29 9999999 9999999 57 6 40 97 9999999 9999999 9999999 9999999 9999999 13 26 9999999 9999999 9999999 9999999 17 37 9999999 9999999 9999999 19 9 9999999 9999999 9999999 9999999
97 9999999 71 4 89 52 9999999 1 16 9999999 9999999 9999999 73 48 9999999 9999999 9999999 9999999 96 9999999 71 15 9999999 9999999 9999999 9999999 92 9999999 26 9999999 9999999 3 18 95 85 68 30 30 9999999 9999999 9999999 9999999 30 9999999 85 7 13 9999999 9999999 88 9999999 9999999 38 9999999 9999999 9999999 33 63 53 36 9999999 9999999 9999999 25
9999999 9999999 96 9999999 9999999 23 69 8 9999999 9999999 92 9999999 15 9999999 53 9999999 51 34 45 9999999 9999999 49 16 9999999 72 87 39 11 98 92 9999999 9999999 65 9999999 1 38 86 90 5 9999999 28 9999999 9999999 9999999 99 9999999 26 9999999 9999999 80 9999999 9999999 9999999 66 9999999 84 9999999 21 100 9999999 18 9999999 9999999 9999999
9999999 9999999 9999999 11 7 9999999 9999999 96 9999999 9999999 71 9999999 9999999 63 42 9999999 44 39 28 90 86 31 9999999 9999999 60 64 9999999 13 9999999 9999999 34 9999999 9999999 100 81 9999999 36 9999999 9999999 9999999 44 18 9999999 84 19 71 9999999 88 80 9999999 67 9999999 9999999 39 51 48 19 9999999 9999999 9999999 61 9999999 9999999 37
9999999 89 9999999 9999999 9999999 9999999 9999999 62 32 9999999 57 16 70 31 25 14 9999999 9999999 5 39 9999999 42 37 9999999 59 50 9999999 9999999 9999999 10 74 9999999 69 9999999 9999999 17 9999999 9999999 81 82 9999999 85 9999999 12 41 9999999 9999999 9999999 9999999 67 9999999 29 9999999 9999999 9999999 9999999 85 71 9999999 9999999 9999999 5 9999999 9999999
9999999 9999999 9999999 9999999 79 96 9999999 42 83 63 53 9999999 9999999 17 67 59 93 77 9999999 9999999 3 85 9999999 9999999 9999999 9999999 9999999 99 9999999 9999999 6 9999999 29 4 9999999 90 47 9999999 79 9999999 65 9999999 61 9 8 9999999 9999999 9999999 9999999 9999999 29 9999999 57 9999999 9999999 57 9999999 67 96 75 9999999 58 44 28
9999999 9999999 35 9999999 9999999 9999999 9999999 3 9999999 87 48 9999999 59 9999999 26 9999999 9999999 36 9999999 26 9999999 9999999 9999999 9999999 87 42 9999999 9999999 74 9999999 13 9999999 8 81 9999999 9999999 9999999 9999999 9999999 98 42 5 9999999 9999999 65 9999999 9999999 38 9999999 9999999 9999999 57 9999999 46 9999999 9999999 9999999 9999999 9999999 62 89 9999999 42 63
37 9999999 9999999 45 9999999 9999999 98 75 9999999 74 54 9999999 9999999 46 31 21 9999999 66 9999999 9999999 84 9999999 81 94 9999999 58 41 9999999 9999999 9999999 99 9999999 93 29 7 9999999 12 9999999 9999999 9999999 9999999 94 9999999 9999999 9999999 9999999 17 9999999 66 39 9999999 9999999 46 9999999 18 9999999 9999999 9999999 9999999 62 9999999 47 9999999 9999999
100 76 9999999 9999999 80 9999999 9999999 9999999 17 10 7 9999999 95 9999999 75 9999999 9999999 9999999 30 9999999 9999999 9999999 67 9999999 9999999 9999999 9999999 59 25 9999999 36 27 9999999 9999999 53 23 9999999 40 9999999 64 9999999 9999999 9999999 13 91 9999999 37 9999999 9999999 51 9999999 9999999 9999999 18 9999999 9999999 21 20 9999999 9999999 9999999 9999999 9999999 9999999
9999999 90 9999999 9999999 6 75 63 60 9999999 4 9999999 97 9999999 9999999 42 45 17 44 20 9999999 9999999 9999999 9999999 9999999 9999999 45 9999999 53 9999999 9999999 64 9999999 81 86 9 37 9999999 9999999 31 55 9999999 9999999 70 9999999 9999999 76 9999999 9999999 84 48 9999999 57 9999999 9999999 9999999 9999999 88 9999999 28 19 88 35 10 9999999
9999999 78 32 9999999 9999999 9999999 9999999 29 9999999 20 22 49 65 9999999 6 9999999 9999999 57 46 9999999 9999999 17 9 20 51 9999999 9999999 12 9999999 61 54 92 39 9999999 9999999 9999999 87 9999999 81 76 98 70 9999999 9999999 9999999 9999999 9999999 33 9999999 19 85 9999999 9999999 9999999 21 88 9999999 9999999 86 9999999 22 27 15 9999999
59 70 9999999 9999999 9999999 9999999 41 16 9999999 51 71 9999999 9999999 100 9999999 9999999 9999999 9999999 9999999 9999999 9999999 9999999 9999999 81 48 9999999 16 17 9999999 9999999 9999999 97 32 35 9999999 48 9 9999999 30 90 9999999 9999999 9999999 9999999 9999999 26 9999999 63 21 9999999 71 67 9999999 9999999 20 9999999 9999999 9999999 19 9999999 9999999 9999999 9999999 50
92 9999999 9999999 9999999 9999999 9999999 9999999 9999999 9999999 9999999 9999999 8 9999999 3 9999999 62 66 9999999 26 52 9999999 9999999 74 9999999 29 9999999 97 33 9999999 41 62 9999999 9999999 65 57 9999999 9999999 9999999 9999999 49 9999999 9999999 9999999 9999999 9 31 19 53 100 9999999 9999999 96 9999999 9999999 9999999 28 86 19 9999999 9999999 9999999 82 9999999 9999999
9999999 75 15 9999999 33 9999999 9999999 9999999 70 84 9999999 9999999 9999999 9999999 9999999 9999999 9999999 67 50 9999999 9999999 9999999 9999999 9999999 9999999 9999999 9999999 9999999 9999999 14 9999999 9999999 9999999 28 70 9999999 54 23 9999999 9999999 9999999 9999999 53 9999999 22 28 9 36 9999999 9999999 9999999 75 62 62 9999999 19 9999999 9999999 9999999 9999999 9999999 58 52 4
45 48 55 9999999 9999999 9999999 9999999 5 9999999 9999999 9999999 9999999 9999999 9999999 9999999 55 5 9999999 9999999 44 86 83 59 9999999 92 49 15 9999999 78 82 9999999 9999999 33 9999999 96 73 79 9999999 9999999 81 21 9999999 9999999 9999999 9999999 67 9999999 9999999 18 61 9999999 9999999 89 9999999 9999999 88 22 9999999 9999999 9999999 9999999 9999999 9999999 9999999
56 48 9999999 9999999 9999999 9999999 9999999 9999999 58 9999999 9999999 9999999 9999999 9999999 9999999 9999999 93 9999999 66 9999999 9999999 82 9999999 9999999 83 49 9999999 9999999 9999999 9999999 88 9999999 9999999 99 4 9999999 76 74 71 66 9999999 24 40 9999999 9999999 55 9999999 9999999 9999999 9999999 5 58 9999999 47 9999999 35 27 9999999 82 58 9999999 9999999 9999999 28
47 92 53 9999999 9999999 9999999 10 9999999 49 68 32 90 45 9999999 9999999 87 77 9999999 85 79 44 64 9999999 26 9999999 71 9999999 9999999 35 9999999 22 52 61 9999999 9999999 22 58 35 9999999 26 13 9999999 60 57 9999999 1 9999999 9999999 9999999 9999999 9999999 44 42 9999999 9999999 10 15 9999999 9999999 52 9999999 9999999 9999999 38
9999999 20 3 9999999 9999999 22 9999999 19 85 9999999 9999999 79 9999999 15 9999999 16 9999999 9999999 81 9999999 9999999 72 9999999 6 99 40 77 41 7 21 9999999 9999999 9999999 9999999 9999999 49 72 9999999 82 9999999 9999999 42 72 1 92 9999999 9999999 25 9999999 37 9999999 28 63 9999999 9999999 9999999 9999999 50 9999999 4 9999999 28 38 9999999
